MiniMaxRandomPlayer, ConfidencePlayer
0, 100
0, 200
0, 300
0, 400
0, 500
0, 600
0, 700
0, 800
0, 900
0, 1000
0, 1100
0, 1200
0, 1300
0, 1400
100, 1400
200, 1400
200, 1500
300, 1500
400, 1500
500, 1500
600, 1500
600, 1600
600, 1700
600, 1800
600, 1900
700, 1900
700, 2000
700, 2100
700, 2200
700, 2300
800, 2300
900, 2300
1000, 2300
1000, 2400
1000, 2500
1100, 2500
1100, 2600
1100, 2700
1200, 2700
1200, 2800
1200, 2900
1200, 3000
1200, 3100
1300, 3100
1300, 3200
1300, 3300
1300, 3400
1300, 3500
1300, 3600
1300, 3700
1300, 3800
1300, 3900
1400, 3900
1400, 4000
1400, 4100
1500, 4100
1600, 4100
1600, 4200
1600, 4300
1700, 4300
1700, 4400
1800, 4400
1900, 4400
1900, 4500
1900, 4600
1900, 4700
1900, 4800
2000, 4800
2000, 4900
2100, 4900
2100, 5000
2100, 5100
2200, 5100
2200, 5200
2200, 5300
2300, 5300
2300, 5400
2300, 5500
2400, 5500
2400, 5600
2400, 5700
2400, 5800
2400, 5900
2400, 6000
2400, 6100
2500, 6100
2500, 6200
2500, 6300
2500, 6400
2600, 6400
2600, 6500
2600, 6600
2700, 6600
2700, 6700
2700, 6800
2700, 6900
2700, 7000
2700, 7100
2700, 7200
2800, 7200
