MiniMaxRandomPlayer, LearningPlayer
100, 0
200, 0
200, 100
300, 100
400, 100
400, 200
400, 300
500, 300
500, 400
500, 500
500, 600
600, 600
600, 700
700, 700
800, 700
800, 800
800, 900
800, 1000
800, 1100
900, 1100
1000, 1100
1100, 1100
1100, 1200
1100, 1300
1100, 1400
1100, 1500
1200, 1500
1200, 1600
1200, 1700
1200, 1800
1200, 1900
1200, 2000
1300, 2000
1400, 2000
1500, 2000
1600, 2000
1600, 2100
1600, 2200
1700, 2200
1700, 2300
1800, 2300
1900, 2300
2000, 2300
2100, 2300
2200, 2300
2200, 2400
2300, 2400
2300, 2500
2300, 2600
2400, 2600
2400, 2700
2400, 2800
2500, 2800
2600, 2800
2700, 2800
2700, 2900
2700, 3000
2800, 3000
2800, 3100
2900, 3100
3000, 3100
3100, 3100
3200, 3100
3300, 3100
3300, 3200
3300, 3300
3400, 3300
3400, 3400
3500, 3400
3600, 3400
3700, 3400
3700, 3500
3800, 3500
3900, 3500
4000, 3500
4000, 3600
4100, 3600
4200, 3600
4200, 3700
4300, 3700
4300, 3800
4300, 3900
4400, 3900
4400, 4000
4400, 4100
4500, 4100
4600, 4100
4700, 4100
4700, 4200
4700, 4300
4800, 4300
4800, 4400
4800, 4500
4900, 4500
4900, 4600
4900, 4700
5000, 4700
5000, 4800
5100, 4800
5100, 4900
