MultithreadedUCTPlayer, ConfidencePlayer
0, 100
0, 200
100, 200
100, 300
100, 400
200, 400
200, 500
300, 500
300, 600
300, 700
300, 800
400, 800
400, 900
400, 1000
500, 1000
600, 1000
700, 1000
800, 1000
800, 1100
900, 1100
900, 1200
900, 1300
1000, 1300
1100, 1300
1100, 1400
1200, 1400
1300, 1400
1400, 1400
1400, 1500
1400, 1600
1400, 1700
1400, 1800
1500, 1800
1500, 1900
1500, 2000
1500, 2100
1500, 2200
1600, 2200
1600, 2300
1600, 2400
1600, 2500
1600, 2600
1600, 2700
1700, 2700
1700, 2800
1700, 2900
1800, 2900
1900, 2900
1900, 3000
1900, 3100
1900, 3200
2000, 3200
2000, 3300
2000, 3400
2000, 3500
2000, 3600
2000, 3700
2000, 3800
2000, 3900
2000, 4000
2000, 4100
2000, 4200
2000, 4300
2000, 4400
2100, 4400
2100, 4500
2100, 4600
2100, 4700
2100, 4800
2200, 4800
2200, 4900
2200, 5000
2300, 5000
2400, 5000
2400, 5100
2400, 5200
2400, 5300
2400, 5400
2400, 5500
2400, 5600
2400, 5700
2400, 5800
2400, 5900
2400, 6000
2400, 6100
2400, 6200
2400, 6300
2500, 6300
2500, 6400
2500, 6500
2500, 6600
2500, 6700
2500, 6800
2500, 6900
2500, 7000
2500, 7100
2500, 7200
2500, 7300
2500, 7400
2500, 7500
