MiniMaxRandomPlayer, ConfidencePlayer
0, 100
0, 200
0, 300
0, 400
0, 500
0, 600
0, 700
0, 800
0, 900
0, 1000
0, 1100
0, 1200
0, 1300
0, 1400
0, 1500
0, 1600
0, 1700
0, 1800
0, 1900
0, 2000
0, 2100
0, 2200
0, 2300
0, 2400
0, 2500
0, 2600
0, 2700
0, 2800
0, 2900
0, 3000
0, 3100
0, 3200
0, 3300
0, 3400
0, 3500
0, 3600
0, 3700
0, 3800
0, 3900
0, 4000
0, 4100
0, 4200
0, 4300
0, 4400
100, 4400
100, 4500
100, 4600
100, 4700
100, 4800
100, 4900
100, 5000
100, 5100
100, 5200
100, 5300
100, 5400
100, 5500
100, 5600
100, 5700
100, 5800
100, 5900
100, 6000
100, 6100
100, 6200
100, 6300
100, 6400
100, 6500
100, 6600
100, 6700
200, 6700
200, 6800
200, 6900
200, 7000
200, 7100
200, 7200
200, 7300
300, 7300
300, 7400
300, 7500
300, 7600
300, 7700
300, 7800
300, 7900
300, 8000
300, 8100
300, 8200
300, 8300
300, 8400
300, 8500
300, 8600
300, 8700
300, 8800
300, 8900
300, 9000
300, 9100
300, 9200
300, 9300
300, 9400
300, 9500
300, 9600
300, 9700
