MiniMaxRandomPlayer, MultithreadedUCTPlayer
0, 100
50, 150
50, 250
100, 300
200, 300
200, 400
200, 500
300, 500
400, 500
400, 600
500, 600
550, 650
550, 750
550, 850
550, 950
550, 1050
550, 1150
550, 1250
650, 1250
650, 1350
650, 1450
650, 1550
650, 1650
650, 1750
750, 1750
750, 1850
850, 1850
850, 1950
850, 2050
950, 2050
950, 2150
950, 2250
950, 2350
950, 2450
950, 2550
950, 2650
1000, 2700
1000, 2800
1100, 2800
1100, 2900
1100, 3000
1200, 3000
1200, 3100
1200, 3200
1200, 3300
1200, 3400
1200, 3500
1200, 3600
1200, 3700
1250, 3750
1250, 3850
1250, 3950
1350, 3950
1350, 4050
1350, 4150
1350, 4250
1350, 4350
1450, 4350
1450, 4450
1450, 4550
1450, 4650
1450, 4750
1450, 4850
1450, 4950
1450, 5050
1450, 5150
1450, 5250
1450, 5350
1450, 5450
1450, 5550
1450, 5650
1450, 5750
1500, 5800
1500, 5900
1500, 6000
1500, 6100
1500, 6200
1500, 6300
1500, 6400
1500, 6500
1600, 6500
1600, 6600
1700, 6600
1700, 6700
1800, 6700
1900, 6700
1900, 6800
1900, 6900
1900, 7000
1950, 7050
1950, 7150
1950, 7250
1950, 7350
2050, 7350
2050, 7450
2150, 7450
2150, 7550
2150, 7650
2150, 7750
2150, 7850
