MiniMaxRandomPlayer, ConfidencePlayer
0, 100
0, 200
0, 300
100, 300
100, 400
100, 500
100, 600
100, 700
100, 800
100, 900
100, 1000
100, 1100
100, 1200
100, 1300
100, 1400
100, 1500
100, 1600
100, 1700
100, 1800
100, 1900
100, 2000
100, 2100
100, 2200
100, 2300
100, 2400
100, 2500
100, 2600
100, 2700
100, 2800
100, 2900
100, 3000
150, 3050
150, 3150
150, 3250
150, 3350
150, 3450
150, 3550
150, 3650
250, 3650
250, 3750
250, 3850
250, 3950
250, 4050
250, 4150
250, 4250
250, 4350
250, 4450
250, 4550
250, 4650
250, 4750
250, 4850
250, 4950
350, 4950
350, 5050
350, 5150
350, 5250
350, 5350
350, 5450
350, 5550
350, 5650
350, 5750
350, 5850
450, 5850
450, 5950
550, 5950
550, 6050
550, 6150
550, 6250
650, 6250
650, 6350
650, 6450
650, 6550
650, 6650
650, 6750
650, 6850
750, 6850
750, 6950
750, 7050
750, 7150
750, 7250
750, 7350
750, 7450
750, 7550
750, 7650
750, 7750
750, 7850
800, 7900
800, 8000
800, 8100
800, 8200
800, 8300
800, 8400
800, 8500
800, 8600
800, 8700
800, 8800
800, 8900
800, 9000
800, 9100
800, 9200
