ConfidencePlayer, LearningPlayer
100, 0
100, 100
100, 200
100, 300
100, 400
100, 500
100, 600
100, 700
100, 800
100, 900
100, 1000
100, 1100
100, 1200
100, 1300
100, 1400
100, 1500
100, 1600
100, 1700
100, 1800
100, 1900
100, 2000
100, 2100
100, 2200
100, 2300
100, 2400
100, 2500
100, 2600
100, 2700
100, 2800
100, 2900
100, 3000
100, 3100
100, 3200
100, 3300
100, 3400
100, 3500
100, 3600
100, 3700
100, 3800
200, 3800
200, 3900
200, 4000
200, 4100
200, 4200
200, 4300
200, 4400
200, 4500
200, 4600
200, 4700
200, 4800
200, 4900
200, 5000
200, 5100
200, 5200
200, 5300
200, 5400
200, 5500
200, 5600
200, 5700
200, 5800
200, 5900
200, 6000
200, 6100
200, 6200
200, 6300
200, 6400
200, 6500
200, 6600
200, 6700
200, 6800
200, 6900
200, 7000
200, 7100
200, 7200
200, 7300
200, 7400
200, 7500
200, 7600
200, 7700
200, 7800
200, 7900
200, 8000
200, 8100
200, 8200
200, 8300
200, 8400
200, 8500
200, 8600
200, 8700
200, 8800
200, 8900
200, 9000
200, 9100
200, 9200
200, 9300
200, 9400
200, 9500
200, 9600
200, 9700
200, 9800
