LearningPlayer, MultithreadedUCTPlayer
0, 100
100, 100
200, 100
200, 200
300, 200
400, 200
400, 300
400, 400
500, 400
500, 500
600, 500
600, 600
600, 700
700, 700
800, 700
900, 700
1000, 700
1000, 800
1000, 900
1100, 900
1200, 900
1300, 900
1300, 1000
1400, 1000
1400, 1100
1500, 1100
1600, 1100
1700, 1100
1800, 1100
1800, 1200
1900, 1200
2000, 1200
2000, 1300
2000, 1400
2100, 1400
2100, 1500
2100, 1600
2200, 1600
2300, 1600
2400, 1600
2400, 1700
2400, 1800
2500, 1800
2500, 1900
2500, 2000
2600, 2000
2600, 2100
2600, 2200
2600, 2300
2600, 2400
2700, 2400
2700, 2500
2700, 2600
2800, 2600
2900, 2600
2900, 2700
2900, 2800
2900, 2900
3000, 2900
3100, 2900
3200, 2900
3200, 3000
3200, 3100
3200, 3200
3300, 3200
3400, 3200
3500, 3200
3600, 3200
3700, 3200
3800, 3200
3900, 3200
3900, 3300
4000, 3300
4000, 3400
4100, 3400
4100, 3500
4200, 3500
4300, 3500
4300, 3600
4400, 3600
4400, 3700
4400, 3800
4500, 3800
4500, 3900
4600, 3900
4700, 3900
4700, 4000
4700, 4100
4800, 4100
4800, 4200
4800, 4300
4900, 4300
5000, 4300
5100, 4300
5200, 4300
5200, 4400
5200, 4500
5200, 4600
5200, 4700
5200, 4800
