ConfidencePlayer, LearningPlayer
100, 0
200, 0
300, 0
400, 0
500, 0
600, 0
700, 0
800, 0
900, 0
950, 50
950, 150
1050, 150
1150, 150
1250, 150
1250, 250
1350, 250
1450, 250
1550, 250
1650, 250
1650, 350
1750, 350
1850, 350
1950, 350
2000, 400
2100, 400
2200, 400
2300, 400
2400, 400
2400, 500
2500, 500
2600, 500
2700, 500
2700, 600
2800, 600
2900, 600
3000, 600
3100, 600
3200, 600
3300, 600
3400, 600
3400, 700
3500, 700
3600, 700
3700, 700
3800, 700
3800, 800
3900, 800
3900, 900
4000, 900
4100, 900
4100, 1000
4200, 1000
4250, 1050
4300, 1100
4400, 1100
4500, 1100
4600, 1100
4700, 1100
4800, 1100
4900, 1100
5000, 1100
5100, 1100
5200, 1100
5300, 1100
5400, 1100
5500, 1100
5600, 1100
5700, 1100
5800, 1100
5900, 1100
6000, 1100
6100, 1100
6200, 1100
6300, 1100
6300, 1200
6350, 1250
6350, 1350
6450, 1350
6450, 1450
6550, 1450
6550, 1550
6650, 1550
6750, 1550
6850, 1550
6850, 1650
6950, 1650
7050, 1650
7150, 1650
7250, 1650
7250, 1750
7350, 1750
7350, 1850
7450, 1850
7550, 1850
7650, 1850
7750, 1850
7850, 1850
7850, 1950
7850, 2050
7950, 2050
