MiniMaxRandomPlayer, MultithreadedUCTPlayer
100, 0
200, 0
300, 0
300, 100
400, 100
400, 200
400, 300
500, 300
600, 300
700, 300
800, 300
900, 300
1000, 300
1100, 300
1200, 300
1300, 300
1300, 400
1300, 500
1400, 500
1500, 500
1600, 500
1600, 600
1700, 600
1800, 600
1900, 600
2000, 600
2100, 600
2200, 600
2300, 600
2300, 700
2400, 700
2500, 700
2600, 700
2600, 800
2700, 800
2800, 800
2900, 800
2900, 900
3000, 900
3100, 900
3200, 900
3300, 900
3400, 900
3500, 900
3600, 900
3600, 1000
3700, 1000
3800, 1000
3900, 1000
4000, 1000
4100, 1000
4200, 1000
4300, 1000
4400, 1000
4500, 1000
4500, 1100
4600, 1100
4700, 1100
4800, 1100
4900, 1100
5000, 1100
5100, 1100
5200, 1100
5200, 1200
5300, 1200
5300, 1300
5400, 1300
5400, 1400
5500, 1400
5600, 1400
5700, 1400
5800, 1400
5900, 1400
6000, 1400
6000, 1500
6100, 1500
6200, 1500
6300, 1500
6400, 1500
6400, 1600
6500, 1600
6600, 1600
6700, 1600
6800, 1600
6900, 1600
7000, 1600
7100, 1600
7200, 1600
7300, 1600
7400, 1600
7500, 1600
7600, 1600
7600, 1700
7600, 1800
7700, 1800
7700, 1900
7800, 1900
7900, 1900
7900, 2000
8000, 2000
