MiniMaxRandomPlayer, MultithreadedUCTPlayer
0, 100
100, 100
200, 100
200, 200
300, 200
300, 300
300, 400
400, 400
500, 400
600, 400
700, 400
800, 400
800, 500
900, 500
1000, 500
1100, 500
1100, 600
1200, 600
1300, 600
1300, 700
1400, 700
1500, 700
1500, 800
1600, 800
1700, 800
1800, 800
1800, 900
1900, 900
2000, 900
2100, 900
2200, 900
2300, 900
2400, 900
2500, 900
2600, 900
2700, 900
2800, 900
2900, 900
3000, 900
3000, 1000
3100, 1000
3200, 1000
3300, 1000
3400, 1000
3500, 1000
3600, 1000
3700, 1000
3800, 1000
3800, 1100
3900, 1100
4000, 1100
4100, 1100
4200, 1100
4200, 1200
4300, 1200
4400, 1200
4500, 1200
4600, 1200
4700, 1200
4800, 1200
4900, 1200
4900, 1300
5000, 1300
5100, 1300
5200, 1300
5300, 1300
5300, 1400
5400, 1400
5500, 1400
5600, 1400
5700, 1400
5700, 1500
5800, 1500
5800, 1600
5800, 1700
5900, 1700
6000, 1700
6000, 1800
6100, 1800
6200, 1800
6200, 1900
6200, 2000
6300, 2000
6400, 2000
6400, 2100
6500, 2100
6600, 2100
6700, 2100
6800, 2100
6900, 2100
7000, 2100
7100, 2100
7200, 2100
7200, 2200
7200, 2300
7200, 2400
7300, 2400
7400, 2400
7500, 2400
7600, 2400
