LearningPlayer, MultithreadedUCTPlayer
100, 0
100, 100
200, 100
300, 100
400, 100
400, 200
500, 200
600, 200
700, 200
800, 200
900, 200
1000, 200
1100, 200
1100, 300
1100, 400
1200, 400
1300, 400
1400, 400
1500, 400
1600, 400
1700, 400
1800, 400
1900, 400
2000, 400
2000, 500
2100, 500
2200, 500
2300, 500
2300, 600
2300, 700
2400, 700
2500, 700
2600, 700
2600, 800
2700, 800
2800, 800
2900, 800
3000, 800
3100, 800
3200, 800
3300, 800
3300, 900
3300, 1000
3400, 1000
3500, 1000
3600, 1000
3700, 1000
3800, 1000
3900, 1000
4000, 1000
4100, 1000
4100, 1100
4200, 1100
4200, 1200
4300, 1200
4400, 1200
4400, 1300
4500, 1300
4600, 1300
4700, 1300
4800, 1300
4800, 1400
4800, 1500
4800, 1600
4800, 1700
4900, 1700
5000, 1700
5100, 1700
5200, 1700
5200, 1800
5300, 1800
5300, 1900
5300, 2000
5300, 2100
5400, 2100
5400, 2200
5500, 2200
5600, 2200
5700, 2200
5800, 2200
5800, 2300
5900, 2300
6000, 2300
6100, 2300
6200, 2300
6300, 2300
6400, 2300
6500, 2300
6600, 2300
6700, 2300
6700, 2400
6800, 2400
6900, 2400
7000, 2400
7100, 2400
7100, 2500
7200, 2500
7200, 2600
7300, 2600
7400, 2600
