MiniMaxRandomPlayer, MultithreadedUCTPlayer
100, 0
100, 100
200, 100
200, 200
200, 300
300, 300
400, 300
400, 400
500, 400
500, 500
500, 600
500, 700
500, 800
500, 900
600, 900
700, 900
800, 900
800, 1000
900, 1000
900, 1100
1000, 1100
1100, 1100
1200, 1100
1200, 1200
1300, 1200
1300, 1300
1400, 1300
1500, 1300
1600, 1300
1700, 1300
1800, 1300
1900, 1300
2000, 1300
2000, 1400
2100, 1400
2100, 1500
2200, 1500
2200, 1600
2200, 1700
2200, 1800
2300, 1800
2300, 1900
2300, 2000
2300, 2100
2400, 2100
2400, 2200
2500, 2200
2500, 2300
2600, 2300
2600, 2400
2600, 2500
2700, 2500
2700, 2600
2700, 2700
2800, 2700
2800, 2800
2900, 2800
2900, 2900
3000, 2900
3000, 3000
3000, 3100
3000, 3200
3100, 3200
3100, 3300
3200, 3300
3300, 3300
3400, 3300
3500, 3300
3600, 3300
3600, 3400
3700, 3400
3700, 3500
3800, 3500
3800, 3600
3900, 3600
3900, 3700
4000, 3700
4000, 3800
4100, 3800
4100, 3900
4200, 3900
4200, 4000
4300, 4000
4350, 4050
4450, 4050
4450, 4150
4550, 4150
4550, 4250
4650, 4250
4650, 4350
4750, 4350
4750, 4450
4750, 4550
4750, 4650
4850, 4650
4850, 4750
4950, 4750
4950, 4850
5050, 4850
5050, 4950
