LearningPlayer, MultithreadedUCTPlayer
0, 100
0, 200
0, 300
0, 400
50, 450
150, 450
150, 550
150, 650
150, 750
150, 850
150, 950
150, 1050
150, 1150
250, 1150
250, 1250
250, 1350
350, 1350
450, 1350
450, 1450
450, 1550
450, 1650
450, 1750
450, 1850
550, 1850
550, 1950
550, 2050
550, 2150
600, 2200
600, 2300
700, 2300
800, 2300
800, 2400
800, 2500
800, 2600
800, 2700
900, 2700
950, 2750
950, 2850
1000, 2900
1000, 3000
1000, 3100
1000, 3200
1000, 3300
1100, 3300
1150, 3350
1250, 3350
1250, 3450
1250, 3550
1250, 3650
1250, 3750
1250, 3850
1250, 3950
1250, 4050
1250, 4150
1250, 4250
1300, 4300
1350, 4350
1350, 4450
1350, 4550
1350, 4650
1350, 4750
1400, 4800
1450, 4850
1550, 4850
1550, 4950
1550, 5050
1550, 5150
1600, 5200
1650, 5250
1650, 5350
1650, 5450
1650, 5550
1650, 5650
1650, 5750
1650, 5850
1650, 5950
1650, 6050
1650, 6150
1650, 6250
1650, 6350
1650, 6450
1650, 6550
1650, 6650
1650, 6750
1650, 6850
1650, 6950
1650, 7050
1650, 7150
1650, 7250
1650, 7350
1650, 7450
1650, 7550
1650, 7650
1650, 7750
1650, 7850
1650, 7950
1650, 8050
1650, 8150
1650, 8250
1650, 8350
