MiniMaxRandomPlayer, LearningPlayer
50, 50
150, 50
200, 100
300, 100
350, 150
450, 150
500, 200
600, 200
650, 250
750, 250
800, 300
900, 300
950, 350
1050, 350
1100, 400
1200, 400
1250, 450
1350, 450
1400, 500
1500, 500
1550, 550
1650, 550
1700, 600
1800, 600
1850, 650
1950, 650
2000, 700
2100, 700
2150, 750
2250, 750
2300, 800
2400, 800
2450, 850
2550, 850
2600, 900
2700, 900
2750, 950
2850, 950
2900, 1000
3000, 1000
3050, 1050
3150, 1050
3200, 1100
3300, 1100
3350, 1150
3450, 1150
3500, 1200
3600, 1200
3650, 1250
3750, 1250
3800, 1300
3900, 1300
3950, 1350
4050, 1350
4100, 1400
4200, 1400
4250, 1450
4350, 1450
4400, 1500
4500, 1500
4550, 1550
4650, 1550
4700, 1600
4800, 1600
4850, 1650
4950, 1650
5000, 1700
5100, 1700
5150, 1750
5250, 1750
5300, 1800
5400, 1800
5450, 1850
5550, 1850
5600, 1900
5700, 1900
5750, 1950
5850, 1950
5900, 2000
6000, 2000
6050, 2050
6150, 2050
6200, 2100
6300, 2100
6350, 2150
6450, 2150
6500, 2200
6600, 2200
6650, 2250
6750, 2250
6800, 2300
6900, 2300
6950, 2350
7050, 2350
7100, 2400
7200, 2400
7250, 2450
7350, 2450
7400, 2500
7500, 2500
