MultithreadedUCTPlayer, ConfidencePlayer
100, 0
150, 50
250, 50
350, 50
450, 50
550, 50
650, 50
650, 150
750, 150
850, 150
850, 250
950, 250
950, 350
950, 450
950, 550
1050, 550
1150, 550
1150, 650
1250, 650
1350, 650
1350, 750
1350, 850
1450, 850
1450, 950
1450, 1050
1450, 1150
1450, 1250
1550, 1250
1650, 1250
1650, 1350
1650, 1450
1650, 1550
1650, 1650
1650, 1750
1650, 1850
1750, 1850
1850, 1850
1950, 1850
2050, 1850
2150, 1850
2150, 1950
2150, 2050
2250, 2050
2250, 2150
2250, 2250
2250, 2350
2300, 2400
2350, 2450
2350, 2550
2450, 2550
2450, 2650
2450, 2750
2450, 2850
2550, 2850
2650, 2850
2750, 2850
2800, 2900
2800, 3000
2800, 3100
2800, 3200
2800, 3300
2800, 3400
2900, 3400
2900, 3500
3000, 3500
3000, 3600
3000, 3700
3000, 3800
