ConfidencePlayer, LearningPlayer
0, 100
100, 100
100, 200
200, 200
300, 200
300, 300
300, 400
400, 400
500, 400
600, 400
700, 400
700, 500
800, 500
800, 600
800, 700
800, 800
800, 900
900, 900
1000, 900
1000, 1000
1100, 1000
1100, 1100
1100, 1200
1200, 1200
1300, 1200
1400, 1200
1500, 1200
1500, 1300
1500, 1400
1600, 1400
1700, 1400
1700, 1500
1800, 1500
1800, 1600
1900, 1600
2000, 1600
2100, 1600
2200, 1600
2300, 1600
2400, 1600
2500, 1600
2600, 1600
2700, 1600
2700, 1700
2800, 1700
2900, 1700
3000, 1700
3100, 1700
3200, 1700
3300, 1700
3400, 1700
3400, 1800
3400, 1900
3400, 2000
3500, 2000
3500, 2100
3600, 2100
3700, 2100
3800, 2100
3800, 2200
3900, 2200
3900, 2300
3900, 2400
4000, 2400
4000, 2500
4000, 2600
4000, 2700
4000, 2800
4100, 2800
4200, 2800
4200, 2900
4200, 3000
4300, 3000
4400, 3000
4500, 3000
4500, 3100
4600, 3100
4700, 3100
4800, 3100
4900, 3100
5000, 3100
5000, 3200
5100, 3200
5100, 3300
5200, 3300
5300, 3300
5400, 3300
5400, 3400
5500, 3400
5500, 3500
5600, 3500
5700, 3500
5800, 3500
5800, 3600
5900, 3600
6000, 3600
6100, 3600
6100, 3700
6200, 3700
6200, 3800
